==================================================
KALSHI GATE B — 2 MINUTE RESULT
UTC=2026-08-26T20:09:38Z
==================================================

=== STATUS ===
KALSHI PROFESSIONAL PAPER TEST — GATE B RECORDER
UTC=2026-08-26T20:08:49.360+00:00
RUNTIME_SEC=120.1
LIVE_ORDERS_ALLOWED=false
MARKET=KXBTC15M-26AUG261615-15
SNAPSHOTS=436
API_ERRORS_STREAK=0
BOT_LEAD_FILLS=0
BOT_HEDGE_FILLS=0
POLL_INTERVAL_MS=250
PAIR_BUDGET_USD=10.00
CURRENT_COMPLETE_SET=NONE

RECENT BOT PAIR EVENTS

=== SNAPSHOT COUNT ===
438 /home/ubuntu/gate_b_2min/market.jsonl

=== LAST 20 RECORDS ===
{"kind":"SNAPSHOT","ts":"2026-08-26T20:08:44.491+00:00","ticker":"KXBTC15M-26AUG261615-15","yes_bids":[[0.001,284657.0],[0.002,7410.0],[0.003,4075.0],[0.004,1739.0],[0.005,5893.0],[0.006,1536.0],[0.007,640.0],[0.009,1851.0],[0.01,9853.93],[0.011,6838.0],[0.012,843.0],[0.013,1539.0],[0.014,3202.0],[0.015,1380.0],[0.016,1874.0],[0.017,58.0],[0.018,1166.0],[0.019,2.0],[0.02,4018.5],[0.021,64575.0],[0.022,2252.0],[0.023,43.0],[0.024,377.0],[0.025,102.0],[0.03,781.91]],"no_bids":[[0.001,202984.02],[0.002,8910.0],[0.003,8642.0],[0.004,3739.0],[0.005,5893.0],[0.006,3536.0],[0.007,640.0],[0.008,2000.0],[0.009,1851.0],[0.01,10718.23],[0.011,6644.0],[0.012,2743.0],[0.013,1302.0],[0.014,5068.0],[0.015,1503.0],[0.016,3812.0],[0.018,3111.0],[0.019,2.0],[0.02,5817.38],[0.021,44.0],[0.022,4207.0],[0.024,2336.0],[0.025,102.0],[0.026,2000.0],[0.028,2000.0]],"yes_asks":[[0.79,5203.86],[0.8,6684.13],[0.81,3227.55],[0.8200000000000001,2300.43],[0.83,19735.1],[0.84,6745.0],[0.85,5686.1],[0.86,3582.29],[0.87,3191.0],[0.88,2947.45],[0.89,5452.86],[0.9,5710.67],[0.902,2000.0],[0.904,2000.0],[0.906,2000.0],[0.908,2000.0],[0.91,2992.04],[0.911,2400.0],[0.912,2000.0],[0.914,2000.0],[0.916,2001.0],[0.918,2000.0],[0.92,3905.4],[0.922,2000.0],[0.924,2000.0]],"no_asks":[[0.21999999999999997,7531.01],[0.22999999999999998,7318.88],[0.24,8529.1],[0.25,6310.98],[0.26,5719.3],[0.27,4180.68],[0.28,2516.05],[0.29000000000000004,17842.38],[0.30000000000000004,5851.27],[0.31000000000000005,2519.0],[0.31999999999999995,5061.0],[0.32999999999999996,2536.92],[0.33999999999999997,4815.0],[0.35,5615.0],[0.36,4516.1],[0.37,2527.17],[0.38,6671.82],[0.39,2572.74],[0.4,2516.6],[0.41000000000000003,2638.03],[0.42000000000000004,2543.37],[0.43000000000000005,2640.03],[0.43999999999999995,2609.83],[0.44999999999999996,11466.95],[0.45999999999999996,2512.78]],"yes_best_ask":0.79,"no_best_ask":0.21999999999999997,"complete_set":null,"bot_events":[]}
{"kind":"SNAPSHOT","ts":"2026-08-26T20:08:44.741+00:00","ticker":"KXBTC15M-26AUG261615-15","yes_bids":[[0.001,284657.0],[0.002,7410.0],[0.003,4075.0],[0.004,1739.0],[0.005,5893.0],[0.006,1536.0],[0.007,640.0],[0.009,1851.0],[0.01,9853.93],[0.011,6838.0],[0.012,843.0],[0.013,1539.0],[0.014,3202.0],[0.015,1380.0],[0.016,1874.0],[0.017,58.0],[0.018,1166.0],[0.019,2.0],[0.02,4018.5],[0.021,64575.0],[0.022,2252.0],[0.023,43.0],[0.024,377.0],[0.025,102.0],[0.03,781.91]],"no_bids":[[0.001,202984.02],[0.002,8910.0],[0.003,8642.0],[0.004,3739.0],[0.005,5893.0],[0.006,3536.0],[0.007,640.0],[0.008,2000.0],[0.009,1851.0],[0.01,10718.23],[0.011,6644.0],[0.012,2743.0],[0.013,1302.0],[0.014,5068.0],[0.015,1503.0],[0.016,3812.0],[0.018,3111.0],[0.019,2.0],[0.02,5817.38],[0.021,44.0],[0.022,4207.0],[0.024,2336.0],[0.025,102.0],[0.026,2000.0],[0.028,2000.0]],"yes_asks":[[0.79,5977.86],[0.8,7774.12],[0.81,2371.55],[0.8200000000000001,3275.43],[0.83,19735.1],[0.84,6745.0],[0.85,5686.1],[0.86,2982.29],[0.87,3191.0],[0.88,2947.45],[0.89,4432.86],[0.9,5710.67],[0.902,2000.0],[0.904,2000.0],[0.906,2000.0],[0.908,2000.0],[0.91,2992.04],[0.911,2400.0],[0.912,2000.0],[0.914,2000.0],[0.916,2001.0],[0.918,2000.0],[0.92,3905.4],[0.922,2000.0],[0.924,2000.0]],"no_asks":[[0.21999999999999997,7808.01],[0.22999999999999998,7595.88],[0.24,9280.1],[0.25,5699.98],[0.26,5719.3],[0.27,4180.68],[0.28,2516.05],[0.29000000000000004,17842.38],[0.30000000000000004,6031.27],[0.31000000000000005,2519.0],[0.31999999999999995,5061.0],[0.32999999999999996,2536.92],[0.33999999999999997,4815.0],[0.35,5615.0],[0.36,4516.1],[0.37,2527.17],[0.38,6671.82],[0.39,2572.74],[0.4,2516.6],[0.41000000000000003,2638.03],[0.42000000000000004,2543.37],[0.43000000000000005,2640.03],[0.43999999999999995,2609.83],[0.44999999999999996,11466.95],[0.45999999999999996,2512.78]],"yes_best_ask":0.79,"no_best_ask":0.21999999999999997,"complete_set":null,"bot_events":[]}
{"kind":"SNAPSHOT","ts":"2026-08-26T20:08:44.991+00:00","ticker":"KXBTC15M-26AUG261615-15","yes_bids":[[0.001,284657.0],[0.002,7410.0],[0.003,4075.0],[0.004,1739.0],[0.005,5893.0],[0.006,1536.0],[0.007,640.0],[0.009,1851.0],[0.01,9853.93],[0.011,6838.0],[0.012,843.0],[0.013,1539.0],[0.014,3202.0],[0.015,1380.0],[0.016,1874.0],[0.017,58.0],[0.018,1166.0],[0.019,2.0],[0.02,4018.5],[0.021,64575.0],[0.022,2252.0],[0.023,43.0],[0.024,377.0],[0.025,102.0],[0.03,781.91]],"no_bids":[[0.001,202984.02],[0.002,8910.0],[0.003,8642.0],[0.004,3739.0],[0.005,5893.0],[0.006,3536.0],[0.007,640.0],[0.008,2000.0],[0.009,1851.0],[0.01,10718.23],[0.011,6644.0],[0.012,2743.0],[0.013,1302.0],[0.014,5068.0],[0.015,1503.0],[0.016,3812.0],[0.018,3111.0],[0.019,2.0],[0.02,5817.38],[0.021,44.0],[0.022,4207.0],[0.024,2336.0],[0.025,102.0],[0.026,2000.0],[0.028,2000.0]],"yes_asks":[[0.79,5977.86],[0.8,7605.11],[0.81,2549.55],[0.8200000000000001,3275.43],[0.83,19777.1],[0.84,6745.0],[0.85,5686.1],[0.86,2987.29],[0.87,3191.0],[0.88,2947.45],[0.89,4432.86],[0.9,5710.67],[0.902,2000.0],[0.904,2000.0],[0.906,2000.0],[0.908,2000.0],[0.91,2992.04],[0.911,2400.0],[0.912,2000.0],[0.914,2000.0],[0.916,2001.0],[0.918,2000.0],[0.92,3905.4],[0.922,2000.0],[0.924,2000.0]],"no_asks":[[0.21999999999999997,8988.01],[0.22999999999999998,7415.88],[0.24,8280.1],[0.25,5700.98],[0.26,5719.3],[0.27,4180.68],[0.28,2516.05],[0.29000000000000004,17842.38],[0.30000000000000004,6031.27],[0.31000000000000005,2519.0],[0.31999999999999995,5061.0],[0.32999999999999996,2536.92],[0.33999999999999997,4815.0],[0.35,5615.0],[0.36,4516.1],[0.37,2527.17],[0.38,6671.82],[0.39,2572.74],[0.4,2516.6],[0.41000000000000003,2638.03],[0.42000000000000004,2543.37],[0.43000000000000005,2640.03],[0.43999999999999995,2609.83],[0.44999999999999996,11466.95],[0.45999999999999996,2512.78]],"yes_best_ask":0.79,"no_best_ask":0.21999999999999997,"complete_set":null,"bot_events":[]}
{"kind":"SNAPSHOT","ts":"2026-08-26T20:08:45.241+00:00","ticker":"KXBTC15M-26AUG261615-15","yes_bids":[[0.001,284657.0],[0.002,7410.0],[0.003,4075.0],[0.004,1739.0],[0.005,5893.0],[0.006,1536.0],[0.007,640.0],[0.009,1851.0],[0.01,9853.93],[0.011,6838.0],[0.012,843.0],[0.013,1539.0],[0.014,3202.0],[0.015,1380.0],[0.016,1874.0],[0.017,58.0],[0.018,1166.0],[0.019,2.0],[0.02,4018.5],[0.021,64575.0],[0.022,2252.0],[0.023,43.0],[0.024,377.0],[0.025,102.0],[0.03,781.91]],"no_bids":[[0.001,202984.02],[0.002,8910.0],[0.003,8642.0],[0.004,3739.0],[0.005,5893.0],[0.006,3536.0],[0.007,640.0],[0.008,2000.0],[0.009,1851.0],[0.01,10718.23],[0.011,6644.0],[0.012,2743.0],[0.013,1302.0],[0.014,5068.0],[0.015,1503.0],[0.016,3812.0],[0.018,3111.0],[0.019,2.0],[0.02,5817.38],[0.021,44.0],[0.022,4207.0],[0.024,2336.0],[0.025,102.0],[0.026,2000.0],[0.028,2000.0]],"yes_asks":[[0.79,2288.02],[0.8,9170.95],[0.81,4958.55],[0.8200000000000001,3424.43],[0.83,4547.1],[0.84,21945.0],[0.85,5711.1],[0.86,2787.29],[0.87,3191.0],[0.88,3990.45],[0.89,4409.86],[0.9,5710.67],[0.902,2000.0],[0.904,2000.0],[0.906,2000.0],[0.908,2000.0],[0.91,2992.04],[0.911,2400.0],[0.912,2000.0],[0.914,2000.0],[0.916,2001.0],[0.918,2000.0],[0.92,3905.4],[0.922,2000.0],[0.924,2000.0]],"no_asks":[[0.21999999999999997,9545.67],[0.22999999999999998,8415.88],[0.24,5717.1],[0.25,6560.98],[0.26,20734.3],[0.27,4177.68],[0.28,2516.05],[0.29000000000000004,2847.38],[0.30000000000000004,6031.27],[0.31000000000000005,3539.0],[0.31999999999999995,5061.0],[0.32999999999999996,2536.92],[0.33999999999999997,4815.0],[0.35,5615.0],[0.36,4515.1],[0.37,2527.17],[0.38,6671.82],[0.39,2573.74],[0.4,2515.6],[0.41000000000000003,2638.03],[0.42000000000000004,2543.37],[0.43000000000000005,2641.03],[0.43999999999999995,10609.83],[0.44999999999999996,3466.95],[0.45999999999999996,2512.78]],"yes_best_ask":0.79,"no_best_ask":0.21999999999999997,"complete_set":null,"bot_events":[]}
{"kind":"SNAPSHOT","ts":"2026-08-26T20:08:45.549+00:00","ticker":"KXBTC15M-26AUG261615-15","yes_bids":[[0.001,284657.0],[0.002,7410.0],[0.003,4075.0],[0.004,1739.0],[0.005,5893.0],[0.006,1536.0],[0.007,640.0],[0.009,1851.0],[0.01,9853.93],[0.011,6838.0],[0.012,843.0],[0.013,1539.0],[0.014,3202.0],[0.015,1380.0],[0.016,1874.0],[0.017,58.0],[0.018,1166.0],[0.019,2.0],[0.02,4018.5],[0.021,64575.0],[0.022,2252.0],[0.023,43.0],[0.024,377.0],[0.025,102.0],[0.03,781.91]],"no_bids":[[0.001,202984.02],[0.002,8910.0],[0.003,8642.0],[0.004,3739.0],[0.005,5893.0],[0.006,3536.0],[0.007,640.0],[0.008,2000.0],[0.009,1851.0],[0.01,10718.23],[0.011,6644.0],[0.012,2743.0],[0.013,1302.0],[0.014,5068.0],[0.015,1503.0],[0.016,3812.0],[0.018,3111.0],[0.019,2.0],[0.02,5817.38],[0.021,44.0],[0.022,4207.0],[0.024,2336.0],[0.025,102.0],[0.026,2000.0],[0.028,2000.0]],"yes_asks":[[0.79,2599.47],[0.8,8768.95],[0.81,4123.55],[0.8200000000000001,4348.43],[0.83,4589.1],[0.84,21945.0],[0.85,5711.1],[0.86,2787.29],[0.87,3191.0],[0.88,3990.45],[0.89,4409.86],[0.9,5710.67],[0.902,2000.0],[0.904,2000.0],[0.906,2000.0],[0.908,2000.0],[0.91,2992.04],[0.911,2400.0],[0.912,2000.0],[0.914,2000.0],[0.916,2001.0],[0.918,2000.0],[0.92,3905.4],[0.922,2000.0],[0.924,2000.0]],"no_asks":[[0.21999999999999997,9296.87],[0.22999999999999998,8415.88],[0.24,6479.1],[0.25,5900.98],[0.26,20734.3],[0.27,4177.68],[0.28,2516.05],[0.29000000000000004,2847.38],[0.30000000000000004,6031.27],[0.31000000000000005,3539.0],[0.31999999999999995,5061.0],[0.32999999999999996,2536.92],[0.33999999999999997,4815.0],[0.35,5615.0],[0.36,4515.1],[0.37,2527.17],[0.38,6671.82],[0.39,2573.74],[0.4,2515.6],[0.41000000000000003,2638.03],[0.42000000000000004,2543.37],[0.43000000000000005,2641.03],[0.43999999999999995,10609.83],[0.44999999999999996,3466.95],[0.45999999999999996,2512.78]],"yes_best_ask":0.79,"no_best_ask":0.21999999999999997,"complete_set":null,"bot_events":[]}
{"kind":"SNAPSHOT","ts":"2026-08-26T20:08:45.799+00:00","ticker":"KXBTC15M-26AUG261615-15","yes_bids":[[0.001,284657.0],[0.002,7410.0],[0.003,4075.0],[0.004,1739.0],[0.005,5893.0],[0.006,1536.0],[0.007,640.0],[0.009,1851.0],[0.01,9853.93],[0.011,6838.0],[0.012,843.0],[0.013,1539.0],[0.014,3202.0],[0.015,1380.0],[0.016,1874.0],[0.017,58.0],[0.018,1166.0],[0.019,2.0],[0.02,4018.5],[0.021,64575.0],[0.022,2252.0],[0.023,43.0],[0.024,377.0],[0.025,102.0],[0.03,781.91]],"no_bids":[[0.001,202984.02],[0.002,8910.0],[0.003,8642.0],[0.004,3739.0],[0.005,5893.0],[0.006,3536.0],[0.007,640.0],[0.008,2000.0],[0.009,1851.0],[0.01,10718.23],[0.011,6644.0],[0.012,2743.0],[0.013,1302.0],[0.014,5068.0],[0.015,1503.0],[0.016,3812.0],[0.018,3111.0],[0.019,2.0],[0.02,5817.38],[0.021,44.0],[0.022,4207.0],[0.024,2336.0],[0.025,102.0],[0.026,2000.0],[0.028,2000.0]],"yes_asks":[[0.79,729.33],[0.8,9768.85],[0.81,4123.45],[0.8200000000000001,4348.43],[0.83,4547.0],[0.84,21945.0],[0.85,5761.1],[0.86,3287.29],[0.87,2691.0],[0.88,3990.45],[0.89,4409.86],[0.9,5710.67],[0.902,2000.0],[0.904,2000.0],[0.906,2000.0],[0.908,2000.0],[0.91,2992.04],[0.911,2400.0],[0.912,2000.0],[0.914,2000.0],[0.916,2001.0],[0.918,2000.0],[0.92,3905.4],[0.922,2000.0],[0.924,2000.0]],"no_asks":[[0.21999999999999997,9396.87],[0.22999999999999998,8415.78],[0.24,6479.0],[0.25,5899.88],[0.26,20734.3],[0.27,4177.68],[0.28,2516.05],[0.29000000000000004,2847.38],[0.30000000000000004,6031.27],[0.31000000000000005,3539.0],[0.31999999999999995,5061.0],[0.32999999999999996,2836.92],[0.33999999999999997,4515.0],[0.35,5615.0],[0.36,4515.1],[0.37,2527.17],[0.38,6671.82],[0.39,2573.74],[0.4,2515.6],[0.41000000000000003,2638.03],[0.42000000000000004,2543.37],[0.43000000000000005,2641.03],[0.43999999999999995,10609.83],[0.44999999999999996,3466.95],[0.45999999999999996,2512.78]],"yes_best_ask":0.79,"no_best_ask":0.21999999999999997,"complete_set":null,"bot_events":[]}
{"kind":"SNAPSHOT","ts":"2026-08-26T20:08:46.049+00:00","ticker":"KXBTC15M-26AUG261615-15","yes_bids":[[0.001,284657.0],[0.002,7410.0],[0.003,4075.0],[0.004,1739.0],[0.005,5893.0],[0.006,1536.0],[0.007,640.0],[0.009,1851.0],[0.01,9853.93],[0.011,6838.0],[0.012,843.0],[0.013,1539.0],[0.014,3202.0],[0.015,1380.0],[0.016,1874.0],[0.017,58.0],[0.018,1166.0],[0.019,2.0],[0.02,4018.5],[0.021,64575.0],[0.022,2252.0],[0.023,43.0],[0.024,377.0],[0.025,102.0],[0.03,781.91]],"no_bids":[[0.001,202984.02],[0.002,8910.0],[0.003,8642.0],[0.004,3739.0],[0.005,5893.0],[0.006,3536.0],[0.007,640.0],[0.008,2000.0],[0.009,1851.0],[0.01,10798.53],[0.011,6644.0],[0.012,2743.0],[0.013,1302.0],[0.014,5068.0],[0.015,1503.0],[0.016,3812.0],[0.018,3111.0],[0.019,2.0],[0.02,5817.38],[0.021,44.0],[0.022,4207.0],[0.024,2336.0],[0.025,102.0],[0.026,2000.0],[0.028,2000.0]],"yes_asks":[[0.79,890.02],[0.8,10679.98],[0.81,3992.45],[0.8200000000000001,4348.43],[0.83,4589.0],[0.84,20695.0],[0.85,6936.1],[0.86,3287.29],[0.87,2691.0],[0.88,3990.45],[0.89,4409.86],[0.9,5710.67],[0.902,2000.0],[0.904,2000.0],[0.906,2000.0],[0.908,2000.0],[0.91,2992.04],[0.911,2400.0],[0.912,2000.0],[0.914,2000.0],[0.916,2001.0],[0.918,2000.0],[0.92,3905.4],[0.922,2000.0],[0.924,2000.0]],"no_asks":[[0.21999999999999997,9174.43],[0.22999999999999998,8415.78],[0.24,6479.0],[0.25,5899.88],[0.26,21984.3],[0.27,2927.68],[0.28,2516.05],[0.29000000000000004,2677.1],[0.30000000000000004,6031.27],[0.31000000000000005,3539.0],[0.31999999999999995,5061.0],[0.32999999999999996,2836.92],[0.33999999999999997,4515.0],[0.35,5615.0],[0.36,4515.1],[0.37,2527.17],[0.38,6671.82],[0.39,2573.74],[0.4,2515.6],[0.41000000000000003,2638.03],[0.42000000000000004,2543.37],[0.43000000000000005,10641.03],[0.43999999999999995,2609.83],[0.44999999999999996,3466.95],[0.45999999999999996,2512.78]],"yes_best_ask":0.79,"no_best_ask":0.21999999999999997,"complete_set":null,"bot_events":[]}
{"kind":"SNAPSHOT","ts":"2026-08-26T20:08:46.300+00:00","ticker":"KXBTC15M-26AUG261615-15","yes_bids":[[0.001,284657.0],[0.002,7410.0],[0.003,4075.0],[0.004,1739.0],[0.005,5893.0],[0.006,1536.0],[0.007,640.0],[0.009,1851.0],[0.01,9853.93],[0.011,6838.0],[0.012,843.0],[0.013,1539.0],[0.014,3202.0],[0.015,1380.0],[0.016,1874.0],[0.017,58.0],[0.018,1166.0],[0.019,2.0],[0.02,4018.5],[0.021,64575.0],[0.022,2252.0],[0.023,43.0],[0.024,377.0],[0.025,102.0],[0.03,781.91]],"no_bids":[[0.001,202984.02],[0.002,8910.0],[0.003,8642.0],[0.004,3739.0],[0.005,5893.0],[0.006,3536.0],[0.007,640.0],[0.008,2000.0],[0.009,1851.0],[0.01,10798.53],[0.011,6644.0],[0.012,2743.0],[0.013,1302.0],[0.014,5068.0],[0.015,1503.0],[0.016,3812.0],[0.018,3111.0],[0.019,2.0],[0.02,5817.38],[0.021,44.0],[0.022,4207.0],[0.024,2336.0],[0.025,102.0],[0.026,2000.0],[0.028,2000.0]],"yes_asks":[[0.79,10.01],[0.8,10143.98],[0.81,4628.45],[0.8200000000000001,4348.43],[0.83,4547.0],[0.84,20695.0],[0.85,7010.1],[0.86,3287.29],[0.87,2691.0],[0.88,3990.45],[0.89,4409.86],[0.9,5710.67],[0.902,2000.0],[0.904,2000.0],[0.906,2000.0],[0.908,2000.0],[0.91,2992.04],[0.911,2400.0],[0.912,2000.0],[0.914,2000.0],[0.916,2001.0],[0.918,2000.0],[0.92,3905.4],[0.922,2000.0],[0.924,2000.0]],"no_asks":[[0.21999999999999997,9173.9],[0.22999999999999998,9200.78],[0.24,5699.0],[0.25,5899.88],[0.26,21984.3],[0.27,2927.68],[0.28,2516.05],[0.29000000000000004,2677.1],[0.30000000000000004,6031.27],[0.31000000000000005,3539.0],[0.31999999999999995,5061.0],[0.32999999999999996,2836.92],[0.33999999999999997,4515.0],[0.35,5615.0],[0.36,4515.1],[0.37,2527.17],[0.38,6672.82],[0.39,2572.74],[0.4,2515.6],[0.41000000000000003,2638.03],[0.42000000000000004,2544.37],[0.43000000000000005,10641.03],[0.43999999999999995,2609.83],[0.44999999999999996,3466.95],[0.45999999999999996,2512.78]],"yes_best_ask":0.79,"no_best_ask":0.21999999999999997,"complete_set":null,"bot_events":[]}
{"kind":"SNAPSHOT","ts":"2026-08-26T20:08:46.550+00:00","ticker":"KXBTC15M-26AUG261615-15","yes_bids":[[0.001,284657.0],[0.002,7410.0],[0.003,4075.0],[0.004,1739.0],[0.005,5893.0],[0.006,1536.0],[0.007,640.0],[0.009,1851.0],[0.01,9853.93],[0.011,6838.0],[0.012,843.0],[0.013,1539.0],[0.014,3202.0],[0.015,1380.0],[0.016,1874.0],[0.017,58.0],[0.018,1166.0],[0.019,2.0],[0.02,4018.5],[0.021,64575.0],[0.022,2252.0],[0.023,43.0],[0.024,377.0],[0.025,102.0],[0.03,781.91]],"no_bids":[[0.001,202984.02],[0.002,8910.0],[0.003,8642.0],[0.004,3739.0],[0.005,5893.0],[0.006,3536.0],[0.007,640.0],[0.008,2000.0],[0.009,1851.0],[0.01,10798.53],[0.011,6644.0],[0.012,2743.0],[0.013,1302.0],[0.014,5068.0],[0.015,1503.0],[0.016,3812.0],[0.018,3111.0],[0.019,2.0],[0.02,5817.38],[0.021,44.0],[0.022,4207.0],[0.024,2336.0],[0.025,102.0],[0.026,2000.0],[0.028,2000.0]],"yes_asks":[[0.79,53.01],[0.8,10643.98],[0.81,4128.45],[0.8200000000000001,4348.43],[0.83,4547.0],[0.84,20695.0],[0.85,7010.1],[0.86,3287.29],[0.87,2691.0],[0.88,3990.45],[0.89,4409.86],[0.9,5710.67],[0.902,2000.0],[0.904,2000.0],[0.906,2000.0],[0.908,2000.0],[0.91,2992.04],[0.911,2400.0],[0.912,2000.0],[0.914,2000.0],[0.916,2001.0],[0.918,2000.0],[0.92,3905.4],[0.922,2000.0],[0.924,2000.0]],"no_asks":[[0.21999999999999997,9170.54],[0.22999999999999998,9200.78],[0.24,5699.0],[0.25,5899.88],[0.26,21984.3],[0.27,2927.68],[0.28,2516.05],[0.29000000000000004,2677.1],[0.30000000000000004,6031.27],[0.31000000000000005,3539.0],[0.31999999999999995,5061.0],[0.32999999999999996,2836.92],[0.33999999999999997,4515.0],[0.35,5615.0],[0.36,4515.1],[0.37,2527.17],[0.38,6672.82],[0.39,2572.74],[0.4,2515.6],[0.41000000000000003,2638.03],[0.42000000000000004,2544.37],[0.43000000000000005,10641.03],[0.43999999999999995,2609.83],[0.44999999999999996,3466.95],[0.45999999999999996,2512.78]],"yes_best_ask":0.79,"no_best_ask":0.21999999999999997,"complete_set":null,"bot_events":[]}
{"kind":"SNAPSHOT","ts":"2026-08-26T20:08:46.800+00:00","ticker":"KXBTC15M-26AUG261615-15","yes_bids":[[0.001,284657.0],[0.002,7410.0],[0.003,4075.0],[0.004,1739.0],[0.005,5893.0],[0.006,1536.0],[0.007,640.0],[0.009,1851.0],[0.01,9853.93],[0.011,6838.0],[0.012,843.0],[0.013,1539.0],[0.014,3202.0],[0.015,1380.0],[0.016,1874.0],[0.017,58.0],[0.018,1166.0],[0.019,2.0],[0.02,4018.5],[0.021,64575.0],[0.022,2252.0],[0.023,43.0],[0.024,377.0],[0.025,102.0],[0.03,781.91]],"no_bids":[[0.001,202984.02],[0.002,8910.0],[0.003,8642.0],[0.004,3739.0],[0.005,5893.0],[0.006,3536.0],[0.007,640.0],[0.008,2000.0],[0.009,1851.0],[0.01,10798.53],[0.011,6644.0],[0.012,2743.0],[0.013,1302.0],[0.014,5068.0],[0.015,1503.0],[0.016,3812.0],[0.018,3111.0],[0.019,2.0],[0.02,5817.38],[0.021,44.0],[0.022,4207.0],[0.024,2336.0],[0.025,102.0],[0.026,2000.0],[0.028,2000.0]],"yes_asks":[[0.79,9.09],[0.8,10643.98],[0.81,4128.45],[0.8200000000000001,4348.43],[0.83,4389.0],[0.84,20335.0],[0.85,7010.1],[0.86,3287.29],[0.87,2691.0],[0.88,3990.45],[0.89,4409.86],[0.9,5710.67],[0.902,2000.0],[0.904,2000.0],[0.906,2000.0],[0.908,2000.0],[0.91,2992.04],[0.911,2400.0],[0.912,2000.0],[0.914,2000.0],[0.916,2001.0],[0.918,2000.0],[0.92,3905.4],[0.922,2000.0],[0.924,2000.0]],"no_asks":[[0.21999999999999997,9269.54],[0.22999999999999998,9200.78],[0.24,5699.0],[0.25,5699.88],[0.26,22184.3],[0.27,2927.68],[0.28,2516.05],[0.29000000000000004,2677.1],[0.30000000000000004,4831.27],[0.31000000000000005,3539.0],[0.31999999999999995,5061.0],[0.32999999999999996,2836.92],[0.33999999999999997,4515.0],[0.35,5615.0],[0.36,4515.1],[0.37,2527.17],[0.38,6672.82],[0.39,2572.74],[0.4,2515.6],[0.41000000000000003,2638.03],[0.42000000000000004,2544.37],[0.43000000000000005,10641.03],[0.43999999999999995,2609.83],[0.44999999999999996,3466.95],[0.45999999999999996,2512.78]],"yes_best_ask":0.79,"no_best_ask":0.21999999999999997,"complete_set":null,"bot_events":[]}
{"kind":"SNAPSHOT","ts":"2026-08-26T20:08:47.050+00:00","ticker":"KXBTC15M-26AUG261615-15","yes_bids":[[0.001,284657.0],[0.002,7410.0],[0.003,4075.0],[0.004,1739.0],[0.005,5893.0],[0.006,1536.0],[0.007,640.0],[0.009,1851.0],[0.01,9853.93],[0.011,6838.0],[0.012,843.0],[0.013,1539.0],[0.014,3202.0],[0.015,1380.0],[0.016,1874.0],[0.017,58.0],[0.018,1166.0],[0.019,2.0],[0.02,4018.5],[0.021,64575.0],[0.022,2252.0],[0.023,43.0],[0.024,377.0],[0.025,102.0],[0.03,781.91]],"no_bids":[[0.001,202984.02],[0.002,8910.0],[0.003,8642.0],[0.004,3739.0],[0.005,5893.0],[0.006,3536.0],[0.007,640.0],[0.008,2000.0],[0.009,1851.0],[0.01,10788.53],[0.011,6644.0],[0.012,2743.0],[0.013,1302.0],[0.014,5068.0],[0.015,1503.0],[0.016,3812.0],[0.018,3111.0],[0.019,2.0],[0.02,5807.38],[0.021,44.0],[0.022,4207.0],[0.024,2336.0],[0.025,102.0],[0.026,2000.0],[0.028,2000.0]],"yes_asks":[[0.76,10669.39],[0.77,5100.0],[0.78,8481.0],[0.79,7179.5],[0.8,3489.01],[0.81,1571.45],[0.8200000000000001,17555.43],[0.83,5510.0],[0.84,4655.0],[0.85,4736.1],[0.86,2787.29],[0.87,5137.0],[0.88,2947.45],[0.89,4363.86],[0.9,4510.67],[0.902,2000.0],[0.904,2000.0],[0.906,2000.0],[0.908,2000.0],[0.91,2992.04],[0.912,2000.0],[0.914,2000.0],[0.916,2001.0],[0.918,2000.0],[0.92,3905.4]],"no_asks":[[0.25,610.11],[0.26,69.2],[0.27,1065.68],[0.28,19310.05],[0.29000000000000004,4169.1],[0.30000000000000004,4981.27],[0.31000000000000005,3014.0],[0.31999999999999995,3049.0],[0.32999999999999996,2534.92],[0.33999999999999997,4515.0],[0.35,5617.0],[0.36,4515.1],[0.37,5225.17],[0.38,2671.82],[0.39,2572.74],[0.4,2515.6],[0.41000000000000003,2638.03],[0.42000000000000004,6543.37],[0.43000000000000005,2645.03],[0.43999999999999995,2620.83],[0.44999999999999996,3476.95],[0.45999999999999996,2512.78],[0.47,10605.0],[0.48,2516.8],[0.49,2505.0]],"yes_best_ask":0.76,"no_best_ask":0.25,"complete_set":null,"bot_events":[]}
{"kind":"SNAPSHOT","ts":"2026-08-26T20:08:47.300+00:00","ticker":"KXBTC15M-26AUG261615-15","yes_bids":[[0.001,284657.0],[0.002,7410.0],[0.003,4075.0],[0.004,1739.0],[0.005,5893.0],[0.006,1536.0],[0.007,640.0],[0.009,1851.0],[0.01,9853.93],[0.011,6838.0],[0.012,843.0],[0.013,1539.0],[0.014,3202.0],[0.015,1380.0],[0.016,1874.0],[0.017,58.0],[0.018,1166.0],[0.019,2.0],[0.02,4018.5],[0.021,64575.0],[0.022,2252.0],[0.023,43.0],[0.024,377.0],[0.025,102.0],[0.03,781.91]],"no_bids":[[0.001,202984.02],[0.002,8910.0],[0.003,8642.0],[0.004,3739.0],[0.005,5893.0],[0.006,3536.0],[0.007,640.0],[0.008,2000.0],[0.009,1851.0],[0.01,10788.53],[0.011,6644.0],[0.012,2743.0],[0.013,1302.0],[0.014,5068.0],[0.015,1503.0],[0.016,3812.0],[0.018,3111.0],[0.019,2.0],[0.02,5807.38],[0.021,44.0],[0.022,4207.0],[0.024,2336.0],[0.025,102.0],[0.026,2000.0],[0.028,2000.0]],"yes_asks":[[0.76,10566.4],[0.77,4247.0],[0.78,8151.0],[0.79,7181.5],[0.8,4713.0],[0.81,2098.45],[0.8200000000000001,17694.43],[0.83,5529.0],[0.84,4655.0],[0.85,4736.1],[0.86,2782.29],[0.87,5114.0],[0.88,2927.45],[0.89,4363.86],[0.9,4510.67],[0.902,2000.0],[0.904,2000.0],[0.906,2000.0],[0.908,2000.0],[0.91,2992.04],[0.912,2000.0],[0.914,2000.0],[0.916,2001.0],[0.918,2000.0],[0.919,4000.0]],"no_asks":[[0.25,578.1],[0.26,1217.2],[0.27,4465.69],[0.28,2267.05],[0.29000000000000004,3958.1],[0.30000000000000004,19992.23],[0.31000000000000005,2119.0],[0.31999999999999995,2629.0],[0.32999999999999996,2534.92],[0.33999999999999997,4535.0],[0.35,5615.0],[0.36,4517.1],[0.37,2547.17],[0.38,2671.82],[0.39,2572.74],[0.4,2516.6],[0.41000000000000003,2940.03],[0.42000000000000004,6543.37],[0.43000000000000005,2645.03],[0.43999999999999995,2619.83],[0.44999999999999996,3477.95],[0.45999999999999996,2512.78],[0.47,2605.0],[0.48,10516.8],[0.49,2505.0]],"yes_best_ask":0.76,"no_best_ask":0.25,"complete_set":null,"bot_events":[]}
{"kind":"SNAPSHOT","ts":"2026-08-26T20:08:47.550+00:00","ticker":"KXBTC15M-26AUG261615-15","yes_bids":[[0.001,284657.0],[0.002,7410.0],[0.003,4075.0],[0.004,1739.0],[0.005,5893.0],[0.006,1536.0],[0.007,640.0],[0.009,1851.0],[0.01,9853.93],[0.011,6838.0],[0.012,843.0],[0.013,1539.0],[0.014,3202.0],[0.015,1380.0],[0.016,1874.0],[0.017,58.0],[0.018,1166.0],[0.019,2.0],[0.02,4018.5],[0.021,64575.0],[0.022,2252.0],[0.023,43.0],[0.024,377.0],[0.025,102.0],[0.03,781.91]],"no_bids":[[0.001,210672.02],[0.002,8910.0],[0.003,8642.0],[0.004,3739.0],[0.005,5893.0],[0.006,3536.0],[0.007,640.0],[0.008,2000.0],[0.009,1851.0],[0.01,10788.53],[0.011,75734.0],[0.012,2743.0],[0.013,1302.0],[0.014,5068.0],[0.015,1503.0],[0.016,3812.0],[0.018,3111.0],[0.019,2.0],[0.02,5807.38],[0.021,44.0],[0.022,4207.0],[0.024,2336.0],[0.025,102.0],[0.026,2000.0],[0.028,2000.0]],"yes_asks":[[0.76,10444.94],[0.77,4382.01],[0.78,9147.6],[0.79,7395.6],[0.8,4131.0],[0.81,2138.45],[0.8200000000000001,18418.43],[0.83,5534.0],[0.84,4655.0],[0.85,4782.1],[0.86,3982.29],[0.87,6134.0],[0.88,2927.45],[0.89,4363.86],[0.9,4510.67],[0.902,2000.0],[0.904,2000.0],[0.906,2000.0],[0.908,2000.0],[0.91,2992.04],[0.912,2000.0],[0.914,2000.0],[0.916,2001.0],[0.918,2000.0],[0.919,4000.0]],"no_asks":[[0.25,4989.55],[0.26,3916.21],[0.27,3440.78],[0.28,19634.15],[0.29000000000000004,3828.1],[0.30000000000000004,5002.23],[0.31000000000000005,3219.0],[0.31999999999999995,2639.0],[0.32999999999999996,2939.92],[0.33999999999999997,4935.0],[0.35,5635.0],[0.36,4518.1],[0.37,4927.17],[0.38,2671.82],[0.39,2572.74],[0.4,3536.6],[0.41000000000000003,2940.03],[0.42000000000000004,6543.37],[0.43000000000000005,2645.03],[0.43999999999999995,2619.83],[0.44999999999999996,3477.95],[0.45999999999999996,2512.78],[0.47,2605.0],[0.48,10516.8],[0.49,2505.0]],"yes_best_ask":0.76,"no_best_ask":0.25,"complete_set":null,"bot_events":[]}
{"kind":"SNAPSHOT","ts":"2026-08-26T20:08:47.963+00:00","ticker":"KXBTC15M-26AUG261615-15","yes_bids":[[0.001,284657.0],[0.002,7410.0],[0.003,4075.0],[0.004,1739.0],[0.005,5893.0],[0.006,1536.0],[0.007,640.0],[0.009,1851.0],[0.01,9853.93],[0.011,6838.0],[0.012,843.0],[0.013,1539.0],[0.014,3202.0],[0.015,1380.0],[0.016,1874.0],[0.017,58.0],[0.018,1166.0],[0.019,2.0],[0.02,4018.5],[0.021,64575.0],[0.022,2252.0],[0.023,43.0],[0.024,377.0],[0.025,102.0],[0.03,781.91]],"no_bids":[[0.001,210672.02],[0.002,8910.0],[0.003,8642.0],[0.004,3739.0],[0.005,5893.0],[0.006,3536.0],[0.007,640.0],[0.008,2000.0],[0.009,1851.0],[0.01,10788.53],[0.011,6644.0],[0.012,2743.0],[0.013,1302.0],[0.014,5068.0],[0.015,1503.0],[0.016,3812.0],[0.017,43181.0],[0.018,3111.0],[0.019,2.0],[0.02,5807.38],[0.021,44.0],[0.022,4207.0],[0.024,2336.0],[0.025,102.0],[0.026,2000.0]],"yes_asks":[[0.76,10577.94],[0.77,4520.01],[0.78,8203.6],[0.79,8361.6],[0.8,4448.0],[0.81,2096.45],[0.8200000000000001,18418.43],[0.83,5528.0],[0.84,4655.0],[0.85,4782.1],[0.86,3982.29],[0.87,6134.0],[0.88,2927.45],[0.89,4363.86],[0.9,4510.67],[0.902,2000.0],[0.904,2000.0],[0.906,2000.0],[0.908,2000.0],[0.91,2992.04],[0.912,2000.0],[0.914,2000.0],[0.916,2001.0],[0.918,2000.0],[0.919,4000.0]],"no_asks":[[0.25,6618.55],[0.26,3590.21],[0.27,2545.78],[0.28,19690.15],[0.29000000000000004,4068.1],[0.30000000000000004,4417.23],[0.31000000000000005,3179.0],[0.31999999999999995,2639.0],[0.32999999999999996,2934.92],[0.33999999999999997,6135.0],[0.35,5635.0],[0.36,4518.1],[0.37,4927.17],[0.38,2671.82],[0.39,2572.74],[0.4,3536.6],[0.41000000000000003,2940.03],[0.42000000000000004,6543.37],[0.43000000000000005,2645.03],[0.43999999999999995,2619.83],[0.44999999999999996,3477.95],[0.45999999999999996,2512.78],[0.47,2605.0],[0.48,10516.8],[0.49,2505.0]],"yes_best_ask":0.76,"no_best_ask":0.25,"complete_set":null,"bot_events":[]}
{"kind":"SNAPSHOT","ts":"2026-08-26T20:08:48.213+00:00","ticker":"KXBTC15M-26AUG261615-15","yes_bids":[[0.001,284657.0],[0.002,7410.0],[0.003,4075.0],[0.004,1739.0],[0.005,5893.0],[0.006,1536.0],[0.007,640.0],[0.009,1851.0],[0.01,9853.93],[0.011,6838.0],[0.012,843.0],[0.013,1539.0],[0.014,3202.0],[0.015,1380.0],[0.016,1874.0],[0.017,58.0],[0.018,1166.0],[0.019,2.0],[0.02,4018.5],[0.021,64575.0],[0.022,2252.0],[0.023,43.0],[0.024,377.0],[0.025,102.0],[0.03,781.91]],"no_bids":[[0.001,210672.02],[0.002,8910.0],[0.003,8642.0],[0.004,3739.0],[0.005,5893.0],[0.006,3536.0],[0.007,640.0],[0.008,2000.0],[0.009,1851.0],[0.01,10788.53],[0.011,6644.0],[0.012,2743.0],[0.013,1302.0],[0.014,5068.0],[0.015,1503.0],[0.016,3812.0],[0.017,43181.0],[0.018,3111.0],[0.019,2.0],[0.02,5807.38],[0.021,44.0],[0.022,4207.0],[0.024,2336.0],[0.025,102.0],[0.026,2000.0]],"yes_asks":[[0.76,2729.52],[0.77,3892.01],[0.78,10005.81],[0.79,7929.53],[0.8,5054.0],[0.81,1216.45],[0.8200000000000001,17455.43],[0.83,6200.0],[0.84,5155.0],[0.85,4782.1],[0.86,2782.29],[0.87,2714.0],[0.88,4127.45],[0.89,4363.86],[0.9,4526.5],[0.902,4400.0],[0.904,2000.0],[0.906,2000.0],[0.908,2000.0],[0.91,2992.04],[0.912,2000.0],[0.914,2000.0],[0.916,2001.0],[0.918,2000.0],[0.92,3905.4]],"no_asks":[[0.25,10479.55],[0.26,5904.21],[0.27,3481.78],[0.28,2077.15],[0.29000000000000004,18968.1],[0.30000000000000004,4887.23],[0.31000000000000005,2919.0],[0.31999999999999995,3194.23],[0.32999999999999996,2534.92],[0.33999999999999997,4535.0],[0.35,5635.0],[0.36,4517.1],[0.37,2827.17],[0.38,2672.82],[0.39,2572.74],[0.4,6515.6],[0.41000000000000003,2641.03],[0.42000000000000004,2543.37],[0.43000000000000005,2645.03],[0.43999999999999995,2619.83],[0.44999999999999996,3477.95],[0.45999999999999996,2512.78],[0.47,2605.0],[0.48,10516.8],[0.49,2505.0]],"yes_best_ask":0.76,"no_best_ask":0.25,"complete_set":null,"bot_events":[]}
{"kind":"SNAPSHOT","ts":"2026-08-26T20:08:48.463+00:00","ticker":"KXBTC15M-26AUG261615-15","yes_bids":[[0.001,284657.0],[0.002,7410.0],[0.003,4075.0],[0.004,1739.0],[0.005,5893.0],[0.006,1536.0],[0.007,640.0],[0.009,1851.0],[0.01,9853.93],[0.011,135806.0],[0.012,843.0],[0.013,1539.0],[0.014,3202.0],[0.015,1380.0],[0.016,1874.0],[0.017,58.0],[0.018,1166.0],[0.019,2.0],[0.02,4018.5],[0.021,91.0],[0.022,2252.0],[0.023,43.0],[0.024,377.0],[0.025,102.0],[0.03,781.91]],"no_bids":[[0.001,210672.02],[0.002,8910.0],[0.003,8642.0],[0.004,3739.0],[0.005,5893.0],[0.006,3536.0],[0.007,640.0],[0.008,2000.0],[0.009,1851.0],[0.01,10788.53],[0.011,6644.0],[0.012,2743.0],[0.013,1302.0],[0.014,5068.0],[0.015,1503.0],[0.016,3812.0],[0.017,43181.0],[0.018,3111.0],[0.019,2.0],[0.02,5807.38],[0.021,44.0],[0.022,4207.0],[0.024,2336.0],[0.025,102.0],[0.026,2000.0]],"yes_asks":[[0.76,5271.66],[0.77,3254.01],[0.78,10315.6],[0.79,7319.53],[0.8,4654.0],[0.81,1461.45],[0.8200000000000001,17855.43],[0.83,6301.0],[0.84,5016.0],[0.85,4782.1],[0.86,2782.29],[0.87,2714.0],[0.88,4127.45],[0.89,4361.86],[0.9,4526.5],[0.902,4400.0],[0.904,2000.0],[0.906,2000.0],[0.908,2000.0],[0.91,2992.04],[0.912,2000.0],[0.914,2000.0],[0.916,2001.0],[0.918,2000.0],[0.92,3905.4]],"no_asks":[[0.25,10379.78],[0.26,5744.21],[0.27,2681.78],[0.28,17088.34],[0.29000000000000004,4383.1],[0.30000000000000004,5261.27],[0.31000000000000005,2674.23],[0.31999999999999995,2639.0],[0.32999999999999996,2534.92],[0.33999999999999997,4555.0],[0.35,8015.0],[0.36,4517.1],[0.37,2827.17],[0.38,2672.82],[0.39,2572.74],[0.4,6515.6],[0.41000000000000003,2641.03],[0.42000000000000004,2543.37],[0.43000000000000005,2645.03],[0.43999999999999995,2619.83],[0.44999999999999996,3477.95],[0.45999999999999996,2512.78],[0.47,2605.0],[0.48,10516.8],[0.49,2505.0]],"yes_best_ask":0.76,"no_best_ask":0.25,"complete_set":null,"bot_events":[]}
{"kind":"SNAPSHOT","ts":"2026-08-26T20:08:48.713+00:00","ticker":"KXBTC15M-26AUG261615-15","yes_bids":[[0.001,284657.0],[0.002,7410.0],[0.003,4075.0],[0.004,1739.0],[0.005,5893.0],[0.006,1536.0],[0.007,640.0],[0.009,1851.0],[0.01,9853.93],[0.011,135806.0],[0.012,843.0],[0.013,1539.0],[0.014,3202.0],[0.015,1380.0],[0.016,1874.0],[0.017,58.0],[0.018,1166.0],[0.019,2.0],[0.02,4018.5],[0.021,91.0],[0.022,2252.0],[0.023,43.0],[0.024,377.0],[0.025,102.0],[0.03,781.91]],"no_bids":[[0.001,202984.02],[0.002,8910.0],[0.003,8642.0],[0.004,3739.0],[0.005,5893.0],[0.006,3536.0],[0.007,640.0],[0.008,2000.0],[0.009,1851.0],[0.01,10788.53],[0.011,6644.0],[0.012,2743.0],[0.013,1302.0],[0.014,5068.0],[0.015,1503.0],[0.016,3812.0],[0.018,3111.0],[0.019,2.0],[0.02,5817.38],[0.021,44.0],[0.022,4207.0],[0.024,2336.0],[0.025,102.0],[0.026,2000.0],[0.028,2000.0]],"yes_asks":[[0.78,2667.53],[0.79,6900.53],[0.8,2859.1],[0.81,2155.45],[0.8200000000000001,3214.53],[0.83,4166.0],[0.84,20701.0],[0.85,6876.1],[0.86,3282.29],[0.87,3711.0],[0.88,3127.45],[0.89,4361.86],[0.9,5726.5],[0.902,2000.0],[0.904,2000.0],[0.906,2000.0],[0.908,2000.0],[0.91,2992.04],[0.912,2000.0],[0.914,2000.0],[0.916,2001.0],[0.917,2400.0],[0.918,2000.0],[0.92,3905.4],[0.922,2000.0]],"no_asks":[[0.22999999999999998,10203.22],[0.24,5364.11],[0.25,18010.26],[0.26,4071.2],[0.27,3477.78],[0.28,4249.24],[0.29000000000000004,2687.1],[0.30000000000000004,4886.27],[0.31000000000000005,2519.0],[0.31999999999999995,2639.0],[0.32999999999999996,3574.92],[0.33999999999999997,7215.0],[0.35,5635.0],[0.36,4517.1],[0.37,2527.17],[0.38,6672.82],[0.39,2572.74],[0.4,2515.6],[0.41000000000000003,2641.03],[0.42000000000000004,2543.37],[0.43000000000000005,10645.03],[0.43999999999999995,2609.83],[0.44999999999999996,3472.95],[0.45999999999999996,2512.78],[0.47,2605.0]],"yes_best_ask":0.78,"no_best_ask":0.22999999999999998,"complete_set":null,"bot_events":[]}
{"kind":"SNAPSHOT","ts":"2026-08-26T20:08:48.963+00:00","ticker":"KXBTC15M-26AUG261615-15","yes_bids":[[0.001,284657.0],[0.002,7410.0],[0.003,4075.0],[0.004,1739.0],[0.005,5893.0],[0.006,1536.0],[0.007,640.0],[0.009,1851.0],[0.01,9853.93],[0.011,135806.0],[0.012,843.0],[0.013,1539.0],[0.014,3202.0],[0.015,1380.0],[0.016,1874.0],[0.017,58.0],[0.018,1166.0],[0.019,2.0],[0.02,4018.5],[0.021,91.0],[0.022,2252.0],[0.023,43.0],[0.024,377.0],[0.025,102.0],[0.03,781.91]],"no_bids":[[0.001,202984.02],[0.002,8910.0],[0.003,8642.0],[0.004,3739.0],[0.005,5893.0],[0.006,3536.0],[0.007,640.0],[0.008,2000.0],[0.009,1851.0],[0.01,10788.53],[0.011,6644.0],[0.012,2743.0],[0.013,1302.0],[0.014,5068.0],[0.015,1503.0],[0.016,3812.0],[0.018,3111.0],[0.019,2.0],[0.02,5817.38],[0.021,44.0],[0.022,4207.0],[0.024,2336.0],[0.025,102.0],[0.026,2000.0],[0.028,2000.0]],"yes_asks":[[0.78,236.52],[0.79,4327.54],[0.8,3334.1],[0.81,2155.45],[0.8200000000000001,3756.53],[0.83,4541.0],[0.84,20751.0],[0.85,6876.1],[0.86,3328.29],[0.87,3911.0],[0.88,2927.45],[0.89,4361.86],[0.9,5727.5],[0.902,2000.0],[0.904,2000.0],[0.906,2000.0],[0.908,2000.0],[0.91,2992.04],[0.912,2000.0],[0.914,2000.0],[0.916,2001.0],[0.917,2400.0],[0.918,2000.0],[0.92,3905.4],[0.922,2000.0]],"no_asks":[[0.22999999999999998,10536.23],[0.24,5439.12],[0.25,17958.25],[0.26,4331.2],[0.27,4104.41],[0.28,4223.05],[0.29000000000000004,2687.1],[0.30000000000000004,4831.27],[0.31000000000000005,2519.0],[0.31999999999999995,2639.0],[0.32999999999999996,3574.92],[0.33999999999999997,7215.0],[0.35,5635.0],[0.36,4517.1],[0.37,2527.17],[0.38,6672.82],[0.39,2572.74],[0.4,2515.6],[0.41000000000000003,2641.03],[0.42000000000000004,2543.37],[0.43000000000000005,10645.03],[0.43999999999999995,2609.83],[0.44999999999999996,3467.95],[0.45999999999999996,2512.78],[0.47,2605.0]],"yes_best_ask":0.78,"no_best_ask":0.22999999999999998,"complete_set":null,"bot_events":[]}
{"kind":"SNAPSHOT","ts":"2026-08-26T20:08:49.213+00:00","ticker":"KXBTC15M-26AUG261615-15","yes_bids":[[0.001,284657.0],[0.002,7410.0],[0.003,4075.0],[0.004,1739.0],[0.005,5893.0],[0.006,1536.0],[0.007,640.0],[0.009,1851.0],[0.01,9853.93],[0.011,135806.0],[0.012,843.0],[0.013,1539.0],[0.014,3202.0],[0.015,1380.0],[0.016,1874.0],[0.017,58.0],[0.018,1166.0],[0.019,2.0],[0.02,4018.5],[0.021,91.0],[0.022,2252.0],[0.023,43.0],[0.024,377.0],[0.025,102.0],[0.03,781.91]],"no_bids":[[0.001,202984.02],[0.002,8910.0],[0.003,8642.0],[0.004,3739.0],[0.005,5893.0],[0.006,3536.0],[0.007,640.0],[0.008,2000.0],[0.009,1851.0],[0.01,10788.53],[0.011,6644.0],[0.012,2743.0],[0.013,1302.0],[0.014,5068.0],[0.015,1503.0],[0.016,3812.0],[0.018,3111.0],[0.019,2.0],[0.02,5817.38],[0.021,44.0],[0.022,4207.0],[0.024,2336.0],[0.025,102.0],[0.026,2000.0],[0.028,2000.0]],"yes_asks":[[0.78,137.54],[0.79,4326.54],[0.8,3501.1],[0.81,2319.45],[0.8200000000000001,3415.53],[0.83,5066.0],[0.84,20776.0],[0.85,6709.1],[0.86,3185.29],[0.87,3745.0],[0.88,2927.45],[0.89,4361.86],[0.9,5727.5],[0.902,2000.0],[0.904,2000.0],[0.906,2000.0],[0.908,2000.0],[0.91,2992.04],[0.912,2000.0],[0.914,2000.0],[0.916,2001.0],[0.917,2400.0],[0.918,2000.0],[0.92,3905.4],[0.922,2000.0]],"no_asks":[[0.22999999999999998,10519.21],[0.24,5608.12],[0.25,17900.25],[0.26,5226.15],[0.27,3590.78],[0.28,4193.05],[0.29000000000000004,2657.1],[0.30000000000000004,4831.27],[0.31000000000000005,2519.0],[0.31999999999999995,2639.0],[0.32999999999999996,3574.92],[0.33999999999999997,7215.0],[0.35,5635.0],[0.36,4518.1],[0.37,2527.17],[0.38,6671.82],[0.39,2572.74],[0.4,2516.6],[0.41000000000000003,2641.03],[0.42000000000000004,2543.37],[0.43000000000000005,10645.03],[0.43999999999999995,2609.83],[0.44999999999999996,3472.95],[0.45999999999999996,2512.78],[0.47,2605.0]],"yes_best_ask":0.78,"no_best_ask":0.22999999999999998,"complete_set":null,"bot_events":[]}
{"kind": "GATE_B_END", "ts": "2026-08-26T20:08:49.463+00:00", "snapshots": 436, "lead_events": 0, "hedge_events": 0}
